GENES ENSG00000261015 M32654 BETA_GWAS
rs9405188 -0.479835023738496 -0.0277831990661453 -0.00102538541581905
rs1040861 0.419312109224642 0.068522580961047 -0.00332140683869404
rs6920337 -0.108984269438421 0 -0.00307187674973153
rs2293772 -0.0974916549879853 0 0.00158616592501659
rs56026816 0.113414415161851 0 -0.0023649952174079
rs17513153 0.0887599531074255 0 0.000471776522147849
rs76406624 0.103215739443386 0 0.00117150326468622
rs318496 0.0776557690463348 0 0.000334402853922575
rs184388647 0.110077126157579 0 -0.00568024020326173
rs139780287 -0.089616906845334 0 0.0028170807042976
rs9503317 -0.0705118456140076 0 -0.00225703621827818
rs28383596 0.0744298201809014 0 -0.0022526773432549
rs188581744 0.0953779853060868 0 -0.00123275237816701
rs9501887 -0.0658114366446151 0 0.00054832950518425
rs146845385 -0.119961478746765 0 -0.000233316170139114
rs9503405 0.0614442150043052 0 -0.000573783962974428
rs6933540 0.069008194082575 0 -0.00150609199778467
rs273913 0 0.120792615148283 -0.0102330326096083
rs6897597 0 -0.0892996328434835 0.00158987309634234
rs3900685 0 -0.075967133724396 0.00237681952870851
rs11239528 0 -0.0750998982988308 0.00580839776063202
rs10070034 0 -0.0731436598456395 0.00173245887970081
rs316019 0 -0.064962821588065 0.000982318642167681
